Paris 0 350 700 550 650 800 900 550 700 800 850 700 600 850
Marseille 350 0 600 450 850 1000 750 700 850 950 1000 750 900
Lyon 700 600 0 250 400 450 300 300 250 500 550 200 400
Toulouse 550 450 250 0 700 950 400 200 600 700 800 300 750
Nice 650 850 400 700 0 500 800 750 800 900 800 700 200
Nantes 800 1000 450 950 500 0 600 700 850 950 1000 750 1000
Strasbourg 900 750 300 400 800 600 0 300 700 800 900 750 700
Montpellier 550 700 300 200 750 700 300 0 600 700 750 400 850
Bordeaux 700 850 250 600 800 850 700 600 0 350 450 250 500
Lille 800 950 500 700 900 950 800 700 350 0 150 200 650
Rennes 850 1000 550 800 600 1000 900 750 450 150 0 250 800
Reims 700 750 200 300 750 750 700 400 250 200 250 0 600
Toulon 600 900 400 750 200 1000 750 850 500 650 800 600 0
Grenoble 850 750 250 150 600 1000 700 400 800 650 1000 600 0
Angers 800 1000 500 950 450 1000 850 850 500 800 1000 600 800
